{
 "cells": [
  {
   "cell_type": "code",
   "execution_count": 16,
   "id": "db707aab",
   "metadata": {},
   "outputs": [
    {
     "name": "stdout",
     "output_type": "stream",
     "text": [
      "u= 0.00375\n",
      "v= 7.437500000000001e-06\n",
      "z=\n",
      " [[0.    0.001]\n",
      " [0.002 0.003]\n",
      " [0.004 0.005]\n",
      " [0.006 0.007]]\n",
      "x=\n",
      " [[-1.52607252 -1.0900518 ]\n",
      " [-0.65403108 -0.21801036]\n",
      " [ 0.21801036  0.65403108]\n",
      " [ 1.0900518   1.52607252]]\n",
      "xx=\n",
      " [[[[ 2.32889734  1.6634981 ]\n",
      "   [ 0.99809886  0.33269962]\n",
      "   [-0.33269962 -0.99809886]\n",
      "   [-1.6634981  -2.32889734]]\n",
      "\n",
      "  [[ 1.6634981   1.18821293]\n",
      "   [ 0.71292776  0.23764259]\n",
      "   [-0.23764259 -0.71292776]\n",
      "   [-1.18821293 -1.6634981 ]]]\n",
      "\n",
      "\n",
      " [[[ 0.99809886  0.71292776]\n",
      "   [ 0.42775665  0.14258555]\n",
      "   [-0.14258555 -0.42775665]\n",
      "   [-0.71292776 -0.99809886]]\n",
      "\n",
      "  [[ 0.33269962  0.23764259]\n",
      "   [ 0.14258555  0.04752852]\n",
      "   [-0.04752852 -0.14258555]\n",
      "   [-0.23764259 -0.33269962]]]\n",
      "\n",
      "\n",
      " [[[-0.33269962 -0.23764259]\n",
      "   [-0.14258555 -0.04752852]\n",
      "   [ 0.04752852  0.14258555]\n",
      "   [ 0.23764259  0.33269962]]\n",
      "\n",
      "  [[-0.99809886 -0.71292776]\n",
      "   [-0.42775665 -0.14258555]\n",
      "   [ 0.14258555  0.42775665]\n",
      "   [ 0.71292776  0.99809886]]]\n",
      "\n",
      "\n",
      " [[[-1.6634981  -1.18821293]\n",
      "   [-0.71292776 -0.23764259]\n",
      "   [ 0.23764259  0.71292776]\n",
      "   [ 1.18821293  1.6634981 ]]\n",
      "\n",
      "  [[-2.32889734 -1.6634981 ]\n",
      "   [-0.99809886 -0.33269962]\n",
      "   [ 0.33269962  0.99809886]\n",
      "   [ 1.6634981   2.32889734]]]]\n",
      "Imn=\n",
      " [[[[1. 1.]\n",
      "   [1. 1.]\n",
      "   [1. 1.]\n",
      "   [1. 1.]]\n",
      "\n",
      "  [[1. 1.]\n",
      "   [1. 1.]\n",
      "   [1. 1.]\n",
      "   [1. 1.]]]\n",
      "\n",
      "\n",
      " [[[1. 1.]\n",
      "   [1. 1.]\n",
      "   [1. 1.]\n",
      "   [1. 1.]]\n",
      "\n",
      "  [[1. 1.]\n",
      "   [1. 1.]\n",
      "   [1. 1.]\n",
      "   [1. 1.]]]\n",
      "\n",
      "\n",
      " [[[1. 1.]\n",
      "   [1. 1.]\n",
      "   [1. 1.]\n",
      "   [1. 1.]]\n",
      "\n",
      "  [[1. 1.]\n",
      "   [1. 1.]\n",
      "   [1. 1.]\n",
      "   [1. 1.]]]\n",
      "\n",
      "\n",
      " [[[1. 1.]\n",
      "   [1. 1.]\n",
      "   [1. 1.]\n",
      "   [1. 1.]]\n",
      "\n",
      "  [[1. 1.]\n",
      "   [1. 1.]\n",
      "   [1. 1.]\n",
      "   [1. 1.]]]]\n",
      "mnE=\n",
      " [[[[8. 0.]\n",
      "   [0. 0.]\n",
      "   [0. 0.]\n",
      "   [0. 0.]]\n",
      "\n",
      "  [[0. 8.]\n",
      "   [0. 0.]\n",
      "   [0. 0.]\n",
      "   [0. 0.]]]\n",
      "\n",
      "\n",
      " [[[0. 0.]\n",
      "   [8. 0.]\n",
      "   [0. 0.]\n",
      "   [0. 0.]]\n",
      "\n",
      "  [[0. 0.]\n",
      "   [0. 8.]\n",
      "   [0. 0.]\n",
      "   [0. 0.]]]\n",
      "\n",
      "\n",
      " [[[0. 0.]\n",
      "   [0. 0.]\n",
      "   [8. 0.]\n",
      "   [0. 0.]]\n",
      "\n",
      "  [[0. 0.]\n",
      "   [0. 0.]\n",
      "   [0. 8.]\n",
      "   [0. 0.]]]\n",
      "\n",
      "\n",
      " [[[0. 0.]\n",
      "   [0. 0.]\n",
      "   [0. 0.]\n",
      "   [8. 0.]]\n",
      "\n",
      "  [[0. 0.]\n",
      "   [0. 0.]\n",
      "   [0. 0.]\n",
      "   [0. 8.]]]]\n",
      "grad=\n",
      " [[ 2.54587193e+02 -1.45167545e+02 -1.08901563e+02 -7.26355810e+01\n",
      "  -3.63695990e+01 -1.03617091e-01  3.61623649e+01  7.24283468e+01\n",
      "  -1.45167545e+02  3.16757448e+02 -9.33589993e+01 -6.74547264e+01\n",
      "  -4.15504536e+01 -1.56461808e+01  1.02580920e+01  3.61623649e+01\n",
      "  -1.08901563e+02 -9.33589993e+01  3.58204285e+02 -6.22738719e+01\n",
      "  -4.67313082e+01 -3.11887445e+01 -1.56461808e+01 -1.03617091e-01\n",
      "  -7.26355810e+01 -6.74547264e+01 -6.22738719e+01  3.78927703e+02\n",
      "  -5.19121627e+01 -4.67313082e+01 -4.15504536e+01 -3.63695990e+01\n",
      "  -3.63695990e+01 -4.15504536e+01 -4.67313082e+01 -5.19121627e+01\n",
      "   3.78927703e+02 -6.22738719e+01 -6.74547264e+01 -7.26355810e+01\n",
      "  -1.03617091e-01 -1.56461808e+01 -3.11887445e+01 -4.67313082e+01\n",
      "  -6.22738719e+01  3.58204285e+02 -9.33589993e+01 -1.08901563e+02\n",
      "   3.61623649e+01  1.02580920e+01 -1.56461808e+01 -4.15504536e+01\n",
      "  -6.74547264e+01 -9.33589993e+01  3.16757448e+02 -1.45167545e+02\n",
      "   7.24283468e+01  3.61623649e+01 -1.03617091e-01 -3.63695990e+01\n",
      "  -7.26355810e+01 -1.08901563e+02 -1.45167545e+02  2.54587193e+02]]\n",
      "grad2=\n",
      " [[ 2.54587193e+02 -1.45167545e+02 -1.08901563e+02 -7.26355810e+01\n",
      "  -3.63695990e+01 -1.03617091e-01  3.61623649e+01  7.24283468e+01\n",
      "  -1.45167545e+02  3.16757448e+02 -9.33589993e+01 -6.74547264e+01\n",
      "  -4.15504536e+01 -1.56461808e+01  1.02580920e+01  3.61623649e+01\n",
      "  -1.08901563e+02 -9.33589993e+01  3.58204285e+02 -6.22738719e+01\n",
      "  -4.67313082e+01 -3.11887445e+01 -1.56461808e+01 -1.03617091e-01\n",
      "  -7.26355810e+01 -6.74547264e+01 -6.22738719e+01  3.78927703e+02\n",
      "  -5.19121627e+01 -4.67313082e+01 -4.15504536e+01 -3.63695990e+01\n",
      "  -3.63695990e+01 -4.15504536e+01 -4.67313082e+01 -5.19121627e+01\n",
      "   3.78927703e+02 -6.22738719e+01 -6.74547264e+01 -7.26355810e+01\n",
      "  -1.03617091e-01 -1.56461808e+01 -3.11887445e+01 -4.67313082e+01\n",
      "  -6.22738719e+01  3.58204285e+02 -9.33589993e+01 -1.08901563e+02\n",
      "   3.61623649e+01  1.02580920e+01 -1.56461808e+01 -4.15504536e+01\n",
      "  -6.74547264e+01 -9.33589993e+01  3.16757448e+02 -1.45167545e+02\n",
      "   7.24283468e+01  3.61623649e+01 -1.03617091e-01 -3.63695990e+01\n",
      "  -7.26355810e+01 -1.08901563e+02 -1.45167545e+02  2.54587193e+02]]\n",
      "k=\n",
      " [[434.99434719 511.42514388 551.66165423 561.08301731 543.17753957\n",
      "  500.13423507 433.18195713 342.78149691 434.99434719 511.42514388\n",
      "  551.66165423 561.08301731 543.17753957 500.13423507 433.18195713\n",
      "  342.78149691 434.99434719 511.42514388 551.66165423 561.08301731\n",
      "  543.17753957 500.13423507 433.18195713 342.78149691 434.99434719\n",
      "  511.42514388 551.66165423 561.08301731 543.17753957 500.13423507\n",
      "  433.18195713 342.78149691 434.99434719 511.42514388 551.66165423\n",
      "  561.08301731 543.17753957 500.13423507 433.18195713 342.78149691\n",
      "  434.99434719 511.42514388 551.66165423 561.08301731 543.17753957\n",
      "  500.13423507 433.18195713 342.78149691 434.99434719 511.42514388\n",
      "  551.66165423 561.08301731 543.17753957 500.13423507 433.18195713\n",
      "  342.78149691 434.99434719 511.42514388 551.66165423 561.08301731\n",
      "  543.17753957 500.13423507 433.18195713 342.78149691]]\n",
      "delta_grad=\n",
      " [[0. 0. 0. 0. 0. 0. 0. 0. 0. 0. 0. 0. 0. 0. 0. 0. 0. 0. 0. 0. 0. 0. 0. 0.\n",
      "  0. 0. 0. 0. 0. 0. 0. 0. 0. 0. 0. 0. 0. 0. 0. 0. 0. 0. 0. 0. 0. 0. 0. 0.\n",
      "  0. 0. 0. 0. 0. 0. 0. 0. 0. 0. 0. 0. 0. 0. 0. 0.]]\n",
      "xx.shape= (4, 2, 4, 2)\n",
      "Imn.shape= (4, 2, 4, 2)\n",
      "mnE.shape= (4, 2, 4, 2)\n",
      "k.shape= (4, 2, 4, 2)\n",
      "grad.shape= (4, 2, 4, 2)\n",
      "grad2.shape= (8, 8)\n"
     ]
    },
    {
     "data": {
      "text/plain": [
       "<module 'test' from '/home/qc/proj_py/test.py'>"
      ]
     },
     "execution_count": 16,
     "metadata": {},
     "output_type": "execute_result"
    }
   ],
   "source": [
    "import test\n",
    "import numpy as np\n",
    "import imp\n",
    "imp.reload(test)"
   ]
  },
  {
   "cell_type": "code",
   "execution_count": 66,
   "id": "138647ac",
   "metadata": {},
   "outputs": [
    {
     "data": {
      "text/plain": [
       "array([[[[ 270.44292336],\n",
       "         [-355.28776207],\n",
       "         [ -90.14764112],\n",
       "         [ 174.99247982]]],\n",
       "\n",
       "\n",
       "       [[[-355.28776207],\n",
       "         [ 623.96308462],\n",
       "         [-178.52768144],\n",
       "         [ -90.14764112]]],\n",
       "\n",
       "\n",
       "       [[[ -90.14764112],\n",
       "         [-178.52768144],\n",
       "         [ 623.96308462],\n",
       "         [-355.28776207]]],\n",
       "\n",
       "\n",
       "       [[[ 174.99247982],\n",
       "         [ -90.14764112],\n",
       "         [-355.28776207],\n",
       "         [ 270.44292336]]]])"
      ]
     },
     "execution_count": 66,
     "metadata": {},
     "output_type": "execute_result"
    }
   ],
   "source": [
    "test.grad"
   ]
  },
  {
   "cell_type": "code",
   "execution_count": 67,
   "id": "6fbf8bb3",
   "metadata": {},
   "outputs": [
    {
     "data": {
      "text/plain": [
       "array([[[[4.],\n",
       "         [0.],\n",
       "         [0.],\n",
       "         [0.]]],\n",
       "\n",
       "\n",
       "       [[[0.],\n",
       "         [4.],\n",
       "         [0.],\n",
       "         [0.]]],\n",
       "\n",
       "\n",
       "       [[[0.],\n",
       "         [0.],\n",
       "         [4.],\n",
       "         [0.]]],\n",
       "\n",
       "\n",
       "       [[[0.],\n",
       "         [0.],\n",
       "         [0.],\n",
       "         [4.]]]])"
      ]
     },
     "execution_count": 67,
     "metadata": {},
     "output_type": "execute_result"
    }
   ],
   "source": [
    "test.mnE"
   ]
  },
  {
   "cell_type": "code",
   "execution_count": 68,
   "id": "3099895c",
   "metadata": {},
   "outputs": [
    {
     "data": {
      "text/plain": [
       "array([[[[ 1.78571429],\n",
       "         [ 0.5952381 ],\n",
       "         [-0.5952381 ],\n",
       "         [-1.78571429]]],\n",
       "\n",
       "\n",
       "       [[[ 0.5952381 ],\n",
       "         [ 0.1984127 ],\n",
       "         [-0.1984127 ],\n",
       "         [-0.5952381 ]]],\n",
       "\n",
       "\n",
       "       [[[-0.5952381 ],\n",
       "         [-0.1984127 ],\n",
       "         [ 0.1984127 ],\n",
       "         [ 0.5952381 ]]],\n",
       "\n",
       "\n",
       "       [[[-1.78571429],\n",
       "         [-0.5952381 ],\n",
       "         [ 0.5952381 ],\n",
       "         [ 1.78571429]]]])"
      ]
     },
     "execution_count": 68,
     "metadata": {},
     "output_type": "execute_result"
    }
   ],
   "source": [
    "test.xx"
   ]
  },
  {
   "cell_type": "code",
   "execution_count": 70,
   "id": "2fdb0e51",
   "metadata": {},
   "outputs": [
    {
     "data": {
      "text/plain": [
       "array([[ 1.78571429,  0.5952381 , -0.5952381 , -1.78571429],\n",
       "       [ 0.5952381 ,  0.1984127 , -0.1984127 , -0.5952381 ],\n",
       "       [-0.5952381 , -0.1984127 ,  0.1984127 ,  0.5952381 ],\n",
       "       [-1.78571429, -0.5952381 ,  0.5952381 ,  1.78571429]])"
      ]
     },
     "execution_count": 70,
     "metadata": {},
     "output_type": "execute_result"
    }
   ],
   "source": [
    "np.outer(test.x,test.x)"
   ]
  }
 ],
 "metadata": {
  "kernelspec": {
   "display_name": "Python 3",
   "language": "python",
   "name": "python3"
  },
  "language_info": {
   "codemirror_mode": {
    "name": "ipython",
    "version": 3
   },
   "file_extension": ".py",
   "mimetype": "text/x-python",
   "name": "python",
   "nbconvert_exporter": "python",
   "pygments_lexer": "ipython3",
   "version": "3.8.8"
  }
 },
 "nbformat": 4,
 "nbformat_minor": 5
}
